"Priors"
p 0.0964706603 0.0735065189 0.1842444809 0.1425428622 0.0298042177 0.0203457173 0.166429367
               
"Mu"
t 0 0.0995306122 0.2244285714 0.4194505353 0.4814090744 0.530755102 0.5937929741
x 0 -0.0012262291 0.0097978547 0.0483768152 0.0521563618 0.0646665048 0.0902307019
y 0 0.0014577883 -2.03E-005 -0.1502965167 -0.1591482423 -0.1832623274 -0.2102620798
z 0 -0.0195508126 -0.0446630864 -0.0628739556 -0.0625863416 -0.0651782424 -0.0760565246
qx 0.4604177559 -0.4698486776 -0.4679597249 -0.4446410408 -0.4382805889 -0.4344904992 -0.4273935156
qy 0.4720775653 -0.4624345106 -0.4324317807 -0.4137126458 -0.415113441 -0.4151874832 -0.4135646803
qz -0.5654063713 0.5613337423 0.5659735372 0.5599020155 0.5618574418 0.5620659426 0.5599397899
qw -0.4954532245 0.5003008828 0.5231542852 0.5636008557 0.5656033695 0.5682598315 0.576859142
x 0.3381364827 0.344131888 0.3713681374 0.4297449637 0.4323874828 0.4330515578 0.4369491494
y -0.6233391011 -0.6398513212 -0.6813731115 -0.756301787 -0.7596324636 -0.783077164 -0.8027519079
z -0.1878072373 -0.1637351348 -0.1637351348 -0.1614686632 -0.1618201587 -0.1620327845 -0.1620327845
qx 0 9.89E-005 2.17E-005 -3.39E-005 -3.37E-06 5.79E-006 2.02E-005
qy 0 1.89E-005 -0.0001008902 -9.96E-005 -9.89E-005 -9.88E-005 -3.92E-005
qz 0.9959895864 0.9959644406 0.9954812855 0.9915366124 0.9902826082 0.9893741466 0.9884580216
qw 0.0894692339 0.0897486653 0.094957883 0.1298273283 0.1390695729 0.1453918435 0.1514950088
               
"Sigma1"
s 0.0008 -0.0001 0.0001 -0.0003 -0.0127 -0.013 0.016 0.0138 0.0005 -0.0002 0.0003 0 0 -0.0018 0.0002
s -0.0001 0.0004 -0.0004 0.0005 0.0064 0.0063 -0.0074 -0.0064 0.0003 -0.0001 0.0001 0 0 0 0.0001
s 0.0001 -0.0004 0.0005 -0.0006 -0.0089 -0.0087 0.0099 0.0091 -0.0003 0 -0.0002 0 0 0 -0.0001
s -0.0003 0.0005 -0.0006 0.0008 0.0141 0.0141 -0.0168 -0.0146 0.0003 0 0.0001 0 0 0 0
s -0.0127 0.0064 -0.0089 0.0141 0.8457 0.8609 -1.0317 -0.904 -0.0244 0.0031 -0.012 -0.0001 0.0002 0.119 -0.0043
s -0.013 0.0063 -0.0087 0.0141 0.8609 0.8792 -1.0571 -0.9176 -0.0269 0.0016 -0.0136 -0.0001 0.0002 0.1184 -0.0044
s 0.016 -0.0074 0.0099 -0.0168 -1.0317 -1.0571 1.2792 1.0997 0.0355 -0.0009 0.0193 0.0002 -0.0002 -0.1294 0.0068
s 0.0138 -0.0064 0.0091 -0.0146 -0.904 -0.9176 1.0997 0.9739 0.0256 -0.0064 0.0129 0.0001 -0.0002 -0.1227 0.0064
s 0.0005 0.0003 -0.0003 0.0003 -0.0244 -0.0269 0.0355 0.0256 0.006 0.0013 0.0029 0 0 0.0008 0.0001
s -0.0002 -0.0001 0 0 0.0031 0.0016 -0.0009 -0.0064 0.0013 0.0018 0.0006 0 0 0.0049 -0.0004
s 0.0003 0.0001 -0.0002 0.0001 -0.012 -0.0136 0.0193 0.0129 0.0029 0.0006 0.0018 0 0 0.0063 0.0006
s 0 0 0 0 -0.0001 -0.0001 0.0002 0.0001 0 0 0 0 0 0 0
s 0 0 0 0 0.0002 0.0002 -0.0002 -0.0002 0 0 0 0 0 0 0
s -0.0018 0 0 0 0.119 0.1184 -0.1294 -0.1227 0.0008 0.0049 0.0063 0 0 0.2419 0.0088
s 0.0002 0.0001 -0.0001 0 -0.0043 -0.0044 0.0068 0.0064 0.0001 -0.0004 0.0006 0 0 0.0088 0.0017
               
"Sigma2"
s 0.0016 0.0001 -0.0003 -0.0002 0 0.0002 0 0.0002 0 -0.0004 0 0 0 0.0003 0
s 0.0001 0.0009 -0.001 0.0008 0.0005 0.0002 -0.0001 0.0007 0.0009 -0.0005 0.0004 0 0 -0.0002 0.0004
s -0.0003 -0.001 0.0015 -0.0008 -0.0014 -0.0004 -0.0011 0.0002 -0.0011 0.0004 -0.0008 0 0 0.0002 -0.0006
s -0.0002 0.0008 -0.0008 0.0012 0.0005 -0.0001 0.0001 0.0004 0.0015 -0.0002 0.0008 0 0 -0.0023 0
s 0 0.0005 -0.0014 0.0005 0.0039 0.0006 0.0041 -0.0039 0.0031 0.0009 0.0018 0 0 0.0043 0.0008
s 0.0002 0.0002 -0.0004 -0.0001 0.0006 0.0017 -0.0002 0.0025 0.0002 -0.0014 0.0001 0 0 0.0032 0.0006
s 0 -0.0001 -0.0011 0.0001 0.0041 -0.0002 0.0061 -0.0069 0.0033 0.0025 0.0024 0 0 0.0091 -0.0001
s 0.0002 0.0007 0.0002 0.0004 -0.0039 0.0025 -0.0069 0.0121 -0.0033 -0.0047 -0.0019 0 0 -0.0001 0.001
s 0 0.0009 -0.0011 0.0015 0.0031 0.0002 0.0033 -0.0033 0.0065 0.0015 0.0026 0 0 0.0019 -0.0003
s -0.0004 -0.0005 0.0004 -0.0002 0.0009 -0.0014 0.0025 -0.0047 0.0015 0.0028 0.001 0 0 0.0091 -0.0006
s 0 0.0004 -0.0008 0.0008 0.0018 0.0001 0.0024 -0.0019 0.0026 0.001 0.0018 0 0 0.0092 0.0002
s 0 0 0 0 0 0 0 0 0 0 0 0 0 0 0
s 0 0 0 0 0 0 0 0 0 0 0 0 0 0 0
s 0.0003 -0.0002 0.0002 -0.0023 0.0043 0.0032 0.0091 -0.0001 0.0019 0.0091 0.0092 0 0 0.2319 0.0084
s 0 0.0004 -0.0006 0 0.0008 0.0006 -0.0001 0.001 -0.0003 -0.0006 0.0002 0 0 0.0084 0.0021
               
"Sigma3"
s 0.0068 0.0013 -0.0028 -0.0006 0.0005 0.0007 -0.0001 0.0012 0.0008 -0.002 0.0001 0 0 -0.0002 0.0005
s 0.0013 0.0017 -0.0022 0.0004 0.0006 0.0008 -0.0004 0.0016 0.0007 -0.0014 0.0003 0 0 0.001 0.001
s -0.0028 -0.0022 0.0058 0.0003 -0.0028 -0.0012 -0.0015 -0.0001 -0.001 0.0016 -0.0004 0 0 0.0002 -0.0018
s -0.0006 0.0004 0.0003 0.0015 0.0005 -0.0003 0 0.0001 0.0016 -0.0001 0.0006 0 0 -0.0051 -0.0001
s 0.0005 0.0006 -0.0028 0.0005 0.0039 0 0.0039 -0.0032 0.0026 0.0008 0.0017 0 0 0.0048 0.001
s 0.0007 0.0008 -0.0012 -0.0003 0 0.0027 -0.0001 0.0035 0.0001 -0.0016 0.0002 0 0 0.007 0.0005
s -0.0001 -0.0004 -0.0015 0 0.0039 -0.0001 0.0059 -0.0056 0.0032 0.0027 0.0023 0 0 0.0092 -0.0004
s 0.0012 0.0016 -0.0001 0.0001 -0.0032 0.0035 -0.0056 0.0102 -0.0022 -0.0048 -0.0016 0 0 0.0021 0.0014
s 0.0008 0.0007 -0.001 0.0016 0.0026 0.0001 0.0032 -0.0022 0.0052 0.0014 0.0026 0 0 0.0086 -0.0003
s -0.002 -0.0014 0.0016 -0.0001 0.0008 -0.0016 0.0027 -0.0048 0.0014 0.0041 0.0009 0 0 0.008 -0.0014
s 0.0001 0.0003 -0.0004 0.0006 0.0017 0.0002 0.0023 -0.0016 0.0026 0.0009 0.0018 0 0 0.0099 0.0003
s 0 0 0 0 0 0 0 0 0 0 0 0 0 0 0
s 0 0 0 0 0 0 0 0 0 0 0 0 0 0 0
s -0.0002 0.001 0.0002 -0.0051 0.0048 0.007 0.0092 0.0021 0.0086 0.008 0.0099 0 0 0.2295 0.0086
s 0.0005 0.001 -0.0018 -0.0001 0.001 0.0005 -0.0004 0.0014 -0.0003 -0.0014 0.0003 0 0 0.0086 0.0027
               
"Sigma4"
s 0.0071 0.0014 -0.0025 -0.0006 0.0004 0.0006 0 0.0009 0.0014 -0.0026 0.0002 0 0 0.0002 0.0009
s 0.0014 0.0026 -0.0033 -0.0008 0.0004 0.0017 -0.0005 0.0018 0.0005 -0.0018 0.0002 0 0 0.0054 0.0012
s -0.0025 -0.0033 0.0099 0.0036 -0.0011 -0.0033 -0.0012 -0.0031 -0.0014 0.0026 -0.0005 0 0 -0.017 -0.002
s -0.0006 -0.0008 0.0036 0.0023 0 -0.0011 0 -0.001 0.0005 0.0008 0.0004 0 0 -0.0072 -0.0004
s 0.0004 0.0004 -0.0011 0 0.0035 0.0005 0.0037 -0.0027 0.0019 0.0012 0.0016 0 0 0.0067 0.0011
s 0.0006 0.0017 -0.0033 -0.0011 0.0005 0.0048 0.0011 0.0036 0.0008 -0.0018 0.0003 0 0 0.0085 0.0004
s 0 -0.0005 -0.0012 0 0.0037 0.0011 0.0064 -0.0039 0.003 0.0028 0.0023 0 0 0.0093 -0.0001
s 0.0009 0.0018 -0.0031 -0.001 -0.0027 0.0036 -0.0039 0.0079 -0.0006 -0.0042 -0.0011 0 0 0.0076 0.0012
s 0.0014 0.0005 -0.0014 0.0005 0.0019 0.0008 0.003 -0.0006 0.0044 0.0003 0.0025 0 0 0.0196 0.0012
s -0.0026 -0.0018 0.0026 0.0008 0.0012 -0.0018 0.0028 -0.0042 0.0003 0.0049 0.0005 0 0 0.0003 -0.0013
s 0.0002 0.0002 -0.0005 0.0004 0.0016 0.0003 0.0023 -0.0011 0.0025 0.0005 0.0017 0 0 0.011 0.0009
s 0 0 0 0 0 0 0 0 0 0 0 0 0 0 0
s 0 0 0 0 0 0 0 0 0 0 0 0 0 0 0
s 0.0002 0.0054 -0.017 -0.0072 0.0067 0.0085 0.0093 0.0076 0.0196 0.0003 0.011 0 0 0.2275 0.012
s 0.0009 0.0012 -0.002 -0.0004 0.0011 0.0004 -0.0001 0.0012 0.0012 -0.0013 0.0009 0 0 0.012 0.0027
               
"Sigma5"
s 0.0258 0.0044 -0.0067 -0.0019 0.0011 0.0019 0.0002 0.0019 0.0023 -0.0064 0.0002 0 0 -0.0003 0.0034
s 0.0044 0.0038 -0.0047 -0.0015 0.0007 0.0019 -0.0005 0.0017 0.0007 -0.0029 0.0002 0 0 0.0055 0.0019
s -0.0067 -0.0047 0.0123 0.0045 -0.0016 -0.0039 -0.0013 -0.0035 -0.0017 0.0044 -0.0004 0 0 -0.0176 -0.0032
s -0.0019 -0.0015 0.0045 0.0027 -0.0001 -0.0016 0.0001 -0.0012 0.0006 0.0018 0.0006 0 0 -0.007 -0.0009
s 0.0011 0.0007 -0.0016 -0.0001 0.0034 0.0007 0.0038 -0.0023 0.0022 0.0008 0.0017 0 0 0.0074 0.001
s 0.0019 0.0019 -0.0039 -0.0016 0.0007 0.0061 0.002 0.0036 0.001 -0.0022 0.0004 0 0 0.0083 0.0002
s 0.0002 -0.0005 -0.0013 0.0001 0.0038 0.002 0.0067 -0.0035 0.0034 0.0028 0.0024 0 0 0.0091 -0.0005
s 0.0019 0.0017 -0.0035 -0.0012 -0.0023 0.0036 -0.0035 0.0074 -0.0006 -0.0044 -0.001 0 0 0.0075 0.0015
s 0.0023 0.0007 -0.0017 0.0006 0.0022 0.001 0.0034 -0.0006 0.0053 0.0004 0.0028 0 0 0.0189 0.0004
s -0.0064 -0.0029 0.0044 0.0018 0.0008 -0.0022 0.0028 -0.0044 0.0004 0.0069 0.0007 0 0 -0.0017 -0.0026
s 0.0002 0.0002 -0.0004 0.0006 0.0017 0.0004 0.0024 -0.001 0.0028 0.0007 0.0018 0 0 0.0107 0.0004
s 0 0 0 0 0 0 0 0 0 0 0 0 0 0 0
s 0 0 0 0 0 0 0 0 0 0 0 0 0 0 0
s -0.0003 0.0055 -0.0176 -0.007 0.0074 0.0083 0.0091 0.0075 0.0189 -0.0017 0.0107 0 0 0.2242 0.0113
s 0.0034 0.0019 -0.0032 -0.0009 0.001 0.0002 -0.0005 0.0015 0.0004 -0.0026 0.0004 0 0 0.0113 0.0042

"Sigma6"
s 0.026 0.0042 -0.0059 -0.0017 0.0009 0.0017 0.0004 0.0014 0.0015 -0.0057 0 0 0 -0.0006 0.0039
s 0.0042 0.0041 -0.0052 -0.0018 0.0006 0.0019 -0.0005 0.0017 0.0006 -0.003 0.0002 0 0 0.0067 0.0023
s -0.0059 -0.0052 0.0139 0.005 -0.0015 -0.0039 -0.0013 -0.0039 -0.0014 0.0051 -0.0003 0 0 -0.0201 -0.0036
s -0.0017 -0.0018 0.005 0.003 -0.0002 -0.0018 0.0001 -0.0014 0.0007 0.0021 0.0006 0 0 -0.0072 -0.0011
s 0.0009 0.0006 -0.0015 -0.0002 0.0034 0.0008 0.0039 -0.0021 0.0023 0.001 0.0017 0 0 0.0077 0.001
s 0.0017 0.0019 -0.0039 -0.0018 0.0008 0.0069 0.0024 0.0035 0.001 -0.002 0.0004 0 0 0.0082 0.0002
s 0.0004 -0.0005 -0.0013 0.0001 0.0039 0.0024 0.0069 -0.0031 0.0035 0.0029 0.0024 0 0 0.0089 -0.0006
s 0.0014 0.0017 -0.0039 -0.0014 -0.0021 0.0035 -0.0031 0.0068 -0.0008 -0.0046 -0.001 0 0 0.0078 0.0015
s 0.0015 0.0006 -0.0014 0.0007 0.0023 0.001 0.0035 -0.0008 0.0056 0.0006 0.0029 0 0 0.0185 -0.0002
s -0.0057 -0.003 0.0051 0.0021 0.001 -0.002 0.0029 -0.0046 0.0006 0.0074 0.0008 0 0 -0.0053 -0.0033
s 0 0.0002 -0.0003 0.0006 0.0017 0.0004 0.0024 -0.001 0.0029 0.0008 0.0018 0 0 0.0105 0.0002
s 0 0 0 0 0 0 0 0 0 0 0 0 0 0 0
s 0 0 0 0 0 0 0 0 0 0 0 0 0 0 0
s -0.0006 0.0067 -0.0201 -0.0072 0.0077 0.0082 0.0089 0.0078 0.0185 -0.0053 0.0105 0 0 0.2228 0.0111
s 0.0039 0.0023 -0.0036 -0.0011 0.001 0.0002 -0.0006 0.0015 -0.0002 -0.0033 0.0002 0 0 0.0111 0.0051

"Sigma7"
s 0.008 0.001 -0.001 -0.0005 0.0001 0.0005 0.0002 0 -0.0001 -0.0008 -0.0001 0 0 -0.0001 0.0009
s 0.001 0.0037 -0.0056 -0.0021 0.0004 0.0016 -0.0004 0.0018 0.0006 -0.0022 0.0003 0 0 0.0099 0.0017
s -0.001 -0.0056 0.015 0.0059 -0.0014 -0.0039 -0.0013 -0.0044 -0.0009 0.0044 -0.0001 0 0 -0.0233 -0.0027
s -0.0005 -0.0021 0.0059 0.0033 -0.0001 -0.002 0.0003 -0.0019 0.0007 0.0024 0.0007 0 0 -0.0084 -0.001
s 0.0001 0.0004 -0.0014 -0.0001 0.0033 0.0009 0.0039 -0.002 0.0025 0.0012 0.0018 0 0 0.0086 0.0007
s 0.0005 0.0016 -0.0039 -0.002 0.0009 0.0079 0.0031 0.0033 0.0012 -0.0019 0.0005 0 0 0.0084 -0.0006
s 0.0002 -0.0004 -0.0013 0.0003 0.0039 0.0031 0.0073 -0.0026 0.0037 0.0028 0.0025 0 0 0.0092 -0.0008
s 0 0.0018 -0.0044 -0.0019 -0.002 0.0033 -0.0026 0.0062 -0.001 -0.0043 -0.0009 0 0 0.009 0.0012
s -0.0001 0.0006 -0.0009 0.0007 0.0025 0.0012 0.0037 -0.001 0.0048 0.0008 0.0028 0 0 0.0208 -0.0001
s -0.0008 -0.0022 0.0044 0.0024 0.0012 -0.0019 0.0028 -0.0043 0.0008 0.0062 0.0007 0 0 -0.0078 -0.0021
s -0.0001 0.0003 -0.0001 0.0007 0.0018 0.0005 0.0025 -0.0009 0.0028 0.0007 0.0018 0 0 0.0113 0.0002
s 0 0 0 0 0 0 0 0 0 0 0 0 0 0 0
s 0 0 0 0 0 0 0 0 0 0 0 0 0 0.0001 0
s -0.0001 0.0099 -0.0233 -0.0084 0.0086 0.0084 0.0092 0.009 0.0208 -0.0078 0.0113 0 0.0001 0.2222 0.0106
s 0.0009 0.0017 -0.0027 -0.001 0.0007 -0.0006 -0.0008 0.0012 -0.0001 -0.0021 0.0002 0 0 0.0106 0.004

"Related_Object"
pose 0 0 0 0 0 0 1        
grasp 0 0 0
name roomDoor              
