"Priors"               
p 0.1187 0.1909 0.09241 0.007738 0.1751 0.1246 0.0892 0.201       
               
"Mu"               
t 0 0.1731880836 0.3673094582 0.3801047929 0.4535307743 0.6142266313 0.7381955854 0.9       
x 0.0406645514 -0.0020469587 -0.0116153004 -0.0117361429 -0.011952266 -0.0101572561 -0.008383114 0       
y -0.2653440788 -0.1993461099 -0.0608572707 -0.0580157817 -0.029740782 -0.0047956365 -0.0005515809 0       
z 0.078399961 0.0367312701 0.0144521669 0.0144521669 0.0128947869 0.009955783 0.0047367624 0       
qx -0.5944012061 -0.5811769572 -0.5530958167 -0.5500160586 -0.5406228413 -0.5280471408 -0.5166458593 0.4649431658       
qy -0.3441724703 -0.3682609848 -0.4364069076 -0.4414361359 -0.4588452947 -0.4582772447 -0.4548806673 0.4878996185       
qz 0.5772315973 0.5890225842 0.5379303328 0.5340050636 0.5049506749 0.4759879584 0.4711516369 -0.5303061547       
qw 0.4416290299 0.4238744942 0.4628876598 0.4663207751 0.4921511504 0.5334638203 0.5515222296 -0.514351239       
x -0.190698406 -0.1709646762 -0.1144834708 -0.1302472366 -0.131799775 -0.1459825807 -0.1459825807 -0.1371568269       
y -0.720127428 -0.7033990284 -0.6552238199 -0.6539934204 -0.6481607689 -0.6269475013 -0.6279218677 -0.6408783629       
z -0.1384969405 -0.1465710082 -0.1357825184 -0.1369936115 -0.1310723758 -0.1221960057 -0.118562315 -0.1242940826       
qx 0 -2.73E-005 -3.47E-006 -3.47E-006 -1.51E-006 -1.34E-006 5.23E-007 -2.20E-007       
qy -1.83E-007 1.31E-005 -2.68E-006 -1.83E-006 -1.83E-006 -5.53E-007 -5.53E-007 0       
qz 0.6634580279 0.704003872 0.7050383775 0.7047635139 0.7047629477 0.7047619834 0.7047619834 0.7047617103       
qw 0.7482135024 0.710196133 0.709169152 0.7094423088 0.7094428713 0.7094438292 0.7094438292 0.7094441005       
               
"Sigma1"               
s 0.0018 -0.0007 0.0004 -0.0007 0.0002 -0.0003 0 -0.0003 0.0028 -0.0001 0.0003 0 0 0.0003 -0.002
s -0.0007 0.0053 0.001 -0.0003 -0.0014 -0.0012 -0.0012 -0.0011 -0.0048 0.0003 -0.0013 0 0 -0.0035 0.0061
s 0.0004 0.001 0.0007 0.0003 0 -0.0008 -0.0003 -0.0003 -0.0014 0.0002 0.0001 0 0 -0.0019 0.0024
s -0.0007 -0.0003 0.0003 0.0033 0.0002 -0.0011 -0.0005 0.0001 -0.0079 0.0007 0.0012 0 0 -0.0056 0.0087
s 0.0002 -0.0014 0 0.0002 0.0013 0.0001 0.0009 0.0005 0.0035 0.0003 0.0004 0 0 0.0026 -0.0042
s -0.0003 -0.0012 -0.0008 -0.0011 0.0001 0.0022 0.0006 0.001 0.0046 -0.0007 -0.0003 0 0 0.005 -0.0067
s 0 -0.0012 -0.0003 -0.0005 0.0009 0.0006 0.0011 0.0003 0.0046 0.0004 -0.0002 0 0 0.0041 -0.0058
s -0.0003 -0.0011 -0.0003 0.0001 0.0005 0.001 0.0003 0.001 0.0016 -0.0005 0.0005 0 0 0.0017 -0.0025
s 0.0028 -0.0048 -0.0014 -0.0079 0.0035 0.0046 0.0046 0.0016 0.0476 0.0012 -0.0024 0 0 0.0348 -0.0565
s -0.0001 0.0003 0.0002 0.0007 0.0003 -0.0007 0.0004 -0.0005 0.0012 0.0025 -0.0006 0 0 0.0006 -0.0016
s 0.0003 -0.0013 0.0001 0.0012 0.0004 -0.0003 -0.0002 0.0005 -0.0024 -0.0006 0.0016 0 0 -0.0033 0.0036
s 0 0 0 0 0 0 0 0 0 0 0 0 0 0 0
s 0 0 0 0 0 0 0 0 0 0 0 0 0 0 0
s 0.0003 -0.0035 -0.0019 -0.0056 0.0026 0.005 0.0041 0.0017 0.0348 0.0006 -0.0033 0 0 0.0323 -0.0459
s -0.002 0.0061 0.0024 0.0087 -0.0042 -0.0067 -0.0058 -0.0025 -0.0565 -0.0016 0.0036 0 0 -0.0459 0.0713
               
"Sigma2"               
s 0.0057 -0.0006 0.0036 -0.0008 0.0011 -0.0019 -0.0003 -0.0004 -0.0002 0.0009 0 0 0 0.0013 -0.0005
s -0.0006 0.0017 0.0004 -0.0005 -0.0003 -0.0002 -0.0002 -0.0003 -0.0005 0.0003 -0.0005 0 0 -0.0007 0.0013
s 0.0036 0.0004 0.0043 -0.001 0.0015 -0.003 -0.0003 -0.0011 -0.0004 0.0018 0.0002 0 0 -0.001 0.0015
s -0.0008 -0.0005 -0.001 0.0013 -0.0003 0.0006 0 0.0003 -0.0015 0.0001 0.0004 0 0 -0.0013 0.0009
s 0.0011 -0.0003 0.0015 -0.0003 0.0027 -0.0026 0.0011 -0.0013 0.0015 0.0011 0.0003 0 0 0.0002 -0.0005
s -0.0019 -0.0002 -0.003 0.0006 -0.0026 0.0041 -0.0005 0.0021 0.0002 -0.0018 -0.0002 0 0 0.002 -0.0022
s -0.0003 -0.0002 -0.0003 0 0.0011 -0.0005 0.0012 -0.0008 0.0005 0.0001 0 0 0 0.0002 -0.0003
s -0.0004 -0.0003 -0.0011 0.0003 -0.0013 0.0021 -0.0008 0.0022 0.0018 -0.0008 0.0001 0 0 0.0018 -0.0024
s -0.0002 -0.0005 -0.0004 -0.0015 0.0015 0.0002 0.0005 0.0018 0.0254 0.0004 -0.0015 0 0 0.0177 -0.0246
s 0.0009 0.0003 0.0018 0.0001 0.0011 -0.0018 0.0001 -0.0008 0.0004 0.0026 -0.0001 0 0 -0.0013 0.0009
s 0 -0.0005 0.0002 0.0004 0.0003 -0.0002 0 0.0001 -0.0015 -0.0001 0.0011 0 0 -0.0027 0.0025
s 0 0 0 0 0 0 0 0 0 0 0 0 0 0 0
s 0 0 0 0 0 0 0 0 0 0 0 0 0 0 0
s 0.0013 -0.0007 -0.001 -0.0013 0.0002 0.002 0.0002 0.0018 0.0177 -0.0013 -0.0027 0 0 0.0216 -0.0249
s -0.0005 0.0013 0.0015 0.0009 -0.0005 -0.0022 -0.0003 -0.0024 -0.0246 0.0009 0.0025 0 0 -0.0249 0.0315
               
"Sigma3"               
s 0.007 -0.0001 0.0031 -0.0006 0.0006 -0.0013 -0.0021 0.0022 0 0.0013 0.0008 0 0 -0.0001 -0.0004
s -0.0001 0.0002 0.0002 -0.0001 0.0002 -0.0002 -0.0001 0 0 0.0001 0 0 0 0 0.0001
s 0.0031 0.0002 0.0043 -0.0007 0.0015 -0.0027 -0.0021 0.0014 -0.001 0.0022 0.0008 0 0 -0.0023 0.0028
s -0.0006 -0.0001 -0.0007 0.0002 -0.0001 0.0003 0.0005 -0.0004 0.0001 -0.0002 -0.0002 0 0 0.0002 -0.0003
s 0.0006 0.0002 0.0015 -0.0001 0.0044 -0.0042 0.0021 -0.0035 -0.0004 0.0018 0.0001 0 0 -0.0007 0.0004
s -0.0013 -0.0002 -0.0027 0.0003 -0.0042 0.0051 -0.0012 0.0031 0.0005 -0.0023 -0.0003 0 0 0.0009 -0.0007
s -0.0021 -0.0001 -0.0021 0.0005 0.0021 -0.0012 0.0037 -0.0044 0.0006 -0.0004 -0.0009 0 0 0.0014 -0.002
s 0.0022 0 0.0014 -0.0004 -0.0035 0.0031 -0.0044 0.0067 -0.0001 -0.0002 0.001 0 0 -0.0016 0.0021
s 0 0 -0.001 0.0001 -0.0004 0.0005 0.0006 -0.0001 0.0112 -0.0014 -0.0036 0 0 0.0132 -0.0163
s 0.0013 0.0001 0.0022 -0.0002 0.0018 -0.0023 -0.0004 -0.0002 -0.0014 0.0025 0.0008 0 0 -0.0033 0.0038
s 0.0008 0 0.0008 -0.0002 0.0001 -0.0003 -0.0009 0.001 -0.0036 0.0008 0.0028 0 0 -0.0056 0.0057
s 0 0 0 0 0 0 0 0 0 0 0 0 0 0 0
s 0 0 0 0 0 0 0 0 0 0 0 0 0 0 0
s -0.0001 0 -0.0023 0.0002 -0.0007 0.0009 0.0014 -0.0016 0.0132 -0.0033 -0.0056 0 0 0.0203 -0.0239
s -0.0004 0.0001 0.0028 -0.0003 0.0004 -0.0007 -0.002 0.0021 -0.0163 0.0038 0.0057 0 0 -0.0239 0.0298
               
"Sigma4"               
s 0.0151 -0.0002 0.0064 -0.0011 0.0019 -0.003 -0.0036 0.0035 -0.0001 0.0027 0.0014 0 0 0.0005 -0.0013
s -0.0002 0.0003 0.0001 -0.0001 0.0002 -0.0002 0 -0.0001 0 0.0001 -0.0001 0 0 0 0
s 0.0064 0.0001 0.0055 -0.0009 0.0018 -0.0032 -0.0027 0.002 -0.0014 0.0026 0.0009 0 0 -0.002 0.0027
s -0.0011 -0.0001 -0.0009 0.0003 -0.0002 0.0005 0.0006 -0.0005 0.0001 -0.0003 -0.0001 0 0 0.0001 -0.0003
s 0.0019 0.0002 0.0018 -0.0002 0.0045 -0.0042 0.002 -0.0034 0 0.0017 0.0001 0 0 0.0002 -0.0007
s -0.003 -0.0002 -0.0032 0.0005 -0.0042 0.0049 -0.0009 0.0028 0.0004 -0.0023 -0.0002 0 0 0.0006 -0.0004
s -0.0036 0 -0.0027 0.0006 0.002 -0.0009 0.0041 -0.0049 0.0011 -0.0008 -0.0011 0 0 0.0019 -0.0026
s 0.0035 -0.0001 0.002 -0.0005 -0.0034 0.0028 -0.0049 0.0073 -0.0006 0.0003 0.0013 0 0 -0.0022 0.0029
s -0.0001 0 -0.0014 0.0001 0 0.0004 0.0011 -0.0006 0.0124 -0.0015 -0.0033 0 0 0.014 -0.0178
s 0.0027 0.0001 0.0026 -0.0003 0.0017 -0.0023 -0.0008 0.0003 -0.0015 0.0026 0.0011 0 0 -0.0033 0.0037
s 0.0014 -0.0001 0.0009 -0.0001 0.0001 -0.0002 -0.0011 0.0013 -0.0033 0.0011 0.0031 0 0 -0.006 0.006
s 0 0 0 0 0 0 0 0 0 0 0 0 0 0 0
s 0 0 0 0 0 0 0 0 0 0 0 0 0 0 0
s 0.0005 0 -0.002 0.0001 0.0002 0.0006 0.0019 -0.0022 0.014 -0.0033 -0.006 0 0 0.0214 -0.0254
s -0.0013 0 0.0027 -0.0003 -0.0007 -0.0004 -0.0026 0.0029 -0.0178 0.0037 0.006 0 0 -0.0254 0.0319
               
"Sigma5"               
s 0.016 0 0.005 -0.0007 0.0019 -0.0022 -0.0035 0.0038 -0.0003 0.0024 0.0012 0 0 0.0004 -0.0014
s 0 0.0002 0.0001 0 0.0003 -0.0003 0.0001 -0.0002 0 0.0001 -0.0001 0 0 0.0002 -0.0002
s 0.005 0.0001 0.0041 -0.0006 0.0011 -0.002 -0.0028 0.0026 -0.0014 0.0019 0.0007 0 0 -0.0022 0.0029
s -0.0007 0 -0.0006 0.0002 -0.0001 0.0002 0.0005 -0.0005 0.0001 -0.0002 -0.0002 0 0 0.0002 -0.0003
s 0.0019 0.0003 0.0011 -0.0001 0.0045 -0.0037 0.0024 -0.004 0.0003 0.0011 -0.0002 0 0 0.0013 -0.0022
s -0.0022 -0.0003 -0.002 0.0002 -0.0037 0.0039 -0.0012 0.0029 0.0002 -0.0015 0.0001 0 0 -0.0002 0.0005
s -0.0035 0.0001 -0.0028 0.0005 0.0024 -0.0012 0.0049 -0.0062 0.0021 -0.0011 -0.0012 0 0 0.0036 -0.0052
s 0.0038 -0.0002 0.0026 -0.0005 -0.004 0.0029 -0.0062 0.0089 -0.0019 0.0009 0.0017 0 0 -0.0045 0.0061
s -0.0003 0 -0.0014 0.0001 0.0003 0.0002 0.0021 -0.0019 0.0114 -0.0015 -0.0038 0 0 0.0139 -0.0179
s 0.0024 0.0001 0.0019 -0.0002 0.0011 -0.0015 -0.0011 0.0009 -0.0015 0.0023 0.0016 0 0 -0.0038 0.0041
s 0.0012 -0.0001 0.0007 -0.0002 -0.0002 0.0001 -0.0012 0.0017 -0.0038 0.0016 0.0038 0 0 -0.0074 0.0077
s 0 0 0 0 0 0 0 0 0 0 0 0 0 0 0
s 0 0 0 0 0 0 0 0 0 0 0 0 0 0 0
s 0.0004 0.0002 -0.0022 0.0002 0.0013 -0.0002 0.0036 -0.0045 0.0139 -0.0038 -0.0074 0 0 0.0234 -0.0282
s -0.0014 -0.0002 0.0029 -0.0003 -0.0022 0.0005 -0.0052 0.0061 -0.0179 0.0041 0.0077 0 0 -0.0282 0.0361
               
"Sigma6"               
s 0.008 0.0002 0.0009 -0.0002 0.0007 -0.0001 -0.001 0.0017 -0.0006 0.0003 0.0001 0 0 0.0006 -0.0009
s 0.0002 0.0001 0.0001 0 0.0004 -0.0003 0.0003 -0.0005 0 0 -0.0001 0 0 0.0005 -0.0006
s 0.0009 0.0001 0.0009 -0.0001 -0.0002 0.0001 -0.0011 0.0016 -0.0008 0.0005 0.0004 0 0 -0.0014 0.0018
s -0.0002 0 -0.0001 0.0001 0.0001 -0.0001 0.0003 -0.0004 0 -0.0001 -0.0001 0 0 0.0002 -0.0002
s 0.0007 0.0004 -0.0002 0.0001 0.0055 -0.0035 0.0041 -0.0065 0.0014 0 -0.0006 0 0 0.0038 -0.0058
s -0.0001 -0.0003 0.0001 -0.0001 -0.0035 0.0028 -0.0028 0.0049 -0.001 -0.0003 0.0003 0 0 -0.0022 0.0033
s -0.001 0.0003 -0.0011 0.0003 0.0041 -0.0028 0.0048 -0.0073 0.0029 -0.0009 -0.0016 0 0 0.0054 -0.0076
s 0.0017 -0.0005 0.0016 -0.0004 -0.0065 0.0049 -0.0073 0.012 -0.0038 0.001 0.002 0 0 -0.0077 0.011
s -0.0006 0 -0.0008 0 0.0014 -0.001 0.0029 -0.0038 0.0109 -0.0015 -0.0038 0 0 0.0132 -0.0181
s 0.0003 0 0.0005 -0.0001 0 -0.0003 -0.0009 0.001 -0.0015 0.0022 0.0023 0 0 -0.0054 0.0064
s 0.0001 -0.0001 0.0004 -0.0001 -0.0006 0.0003 -0.0016 0.002 -0.0038 0.0023 0.0049 0 0 -0.0099 0.0109
s 0 0 0 0 0 0 0 0 0 0 0 0 0 0 0
s 0 0 0 0 0 0 0 0 0 0 0 0 0 0 0
s 0.0006 0.0005 -0.0014 0.0002 0.0038 -0.0022 0.0054 -0.0077 0.0132 -0.0054 -0.0099 0 0 0.0277 -0.0346
s -0.0009 -0.0006 0.0018 -0.0002 -0.0058 0.0033 -0.0076 0.011 -0.0181 0.0064 0.0109 0 0 -0.0346 0.0458
               
"Sigma7"               
s 0.0032 0.0001 0.0001 -0.0002 0.0004 0.0003 0 0.0008 0.0002 -0.0002 0.0001 0 0 0.0001 -0.0001
s 0.0001 0.0001 0 0 0.0002 -0.0001 0.0002 -0.0002 0.0002 -0.0002 -0.0002 0 0 0.0007 -0.0009
s 0.0001 0 0.0002 -0.0001 0 0 -0.0003 0.0005 -0.0002 0.0002 0.0002 0 0 -0.0005 0.0006
s -0.0002 0 -0.0001 0.0001 0 -0.0001 0.0001 -0.0003 -0.0001 0 0 0 0 0 -0.0001
s 0.0004 0.0002 0 0 0.0035 -0.0017 0.0026 -0.0033 0.0016 -0.0003 -0.0002 0 0 0.0027 -0.0042
s 0.0003 -0.0001 0 -0.0001 -0.0017 0.0025 -0.0019 0.004 -0.0012 -0.0003 0.0001 0 0 -0.0015 0.0022
s 0 0.0002 -0.0003 0.0001 0.0026 -0.0019 0.003 -0.0041 0.0022 -0.0007 -0.0011 0 0 0.0036 -0.0046
s 0.0008 -0.0002 0.0005 -0.0003 -0.0033 0.004 -0.0041 0.0079 -0.0031 0.0006 0.0011 0 0 -0.0053 0.0077
s 0.0002 0.0002 -0.0002 -0.0001 0.0016 -0.0012 0.0022 -0.0031 0.0098 -0.0013 -0.003 0 0 0.011 -0.0152
s -0.0002 -0.0002 0.0002 0 -0.0003 -0.0003 -0.0007 0.0006 -0.0013 0.0035 0.0034 0 0 -0.0079 0.0095
s 0.0001 -0.0002 0.0002 0 -0.0002 0.0001 -0.0011 0.0011 -0.003 0.0034 0.0049 0 0 -0.0101 0.0114
s 0 0 0 0 0 0 0 0 0 0 0 0 0 0 0
s 0 0 0 0 0 0 0 0 0 0 0 0 0 0 0
s 0.0001 0.0007 -0.0005 0 0.0027 -0.0015 0.0036 -0.0053 0.011 -0.0079 -0.0101 0 0 0.0291 -0.0371
s -0.0001 -0.0009 0.0006 -0.0001 -0.0042 0.0022 -0.0046 0.0077 -0.0152 0.0095 0.0114 0 0 -0.0371 0.0499
               
"Sigma8"               
s 0.0048 0.0001 0 -0.0001 -0.0014 -0.0015 0.0032 0.0026 0.0011 -0.0003 0 0 0 0.0001 -0.0001
s 0.0001 0.0001 0 0 0.0026 0.0025 -0.0027 -0.0029 0 -0.0002 -0.0002 0 0 0.0002 -0.0002
s 0 0 0.0001 0 0.001 0.0009 -0.0011 -0.001 -0.0001 0.0001 0.0001 0 0 -0.0002 0.0002
s -0.0001 0 0 0.0001 -0.0016 -0.0016 0.0014 0.0014 -0.0001 0 0.0001 0 0 0 -0.0001
s -0.0014 0.0026 0.001 -0.0016 0.9006 0.8797 -0.9788 -1.0179 -0.0435 0.0015 -0.0184 0 0 -0.0421 0.0924
s -0.0015 0.0025 0.0009 -0.0016 0.8797 0.8621 -0.9582 -0.9932 -0.0444 0.0015 -0.0178 0 0 -0.0431 0.0928
s 0.0032 -0.0027 -0.0011 0.0014 -0.9788 -0.9582 1.0687 1.1087 0.0491 -0.0024 0.0197 0 0 0.047 -0.1017
s 0.0026 -0.0029 -0.001 0.0014 -1.0179 -0.9932 1.1087 1.1556 0.0484 -0.0022 0.0212 0 0 0.046 -0.1024
s 0.0011 0 -0.0001 -0.0001 -0.0435 -0.0444 0.0491 0.0484 0.0131 -0.0019 -0.0032 0 0 0.0146 -0.0199
s -0.0003 -0.0002 0.0001 0 0.0015 0.0015 -0.0024 -0.0022 -0.0019 0.003 0.0024 0 0 -0.0066 0.008
s 0 -0.0002 0.0001 0.0001 -0.0184 -0.0178 0.0197 0.0212 -0.0032 0.0024 0.0035 0 0 -0.0076 0.0083
s 0 0 0 0 0 0 0 0 0 0 0 0 0 0 0
s 0 0 0 0 0 0 0 0 0 0 0 0 0 0 0
s 0.0001 0.0002 -0.0002 0 -0.0421 -0.0431 0.047 0.046 0.0146 -0.0066 -0.0076 0 0 0.0279 -0.0355
s -0.0001 -0.0002 0.0002 -0.0001 0.0924 0.0928 -0.1017 -0.1024 -0.0199 0.008 0.0083 0 0 -0.0355 0.0478
               
"Related_Object"               
pose 0 0 0 0 0 0 1
grasp 0 0 0
name roomDoor              
